91.705300 130.291400
110.082700 121.030200
125.363100 60.078500
139.023000 124.801100
195.156700 183.235000
58.530700 26.333900
152.892900 119.921600
90.647900 171.470300
27.069900 168.009000
32.044000 158.392600
140.103200 144.332900
18.368200 50.576400
7.161500 159.796100
127.927300 146.127500
158.403800 184.492300
156.054000 101.744300
114.783700 66.136800
22.774600 40.146900
177.850500 13.432800
164.948000 24.642400
196.667800 75.113900
50.976300 1.195900
46.670700 141.624200
172.666300 125.375900
109.633200 56.345500
83.768500 101.371600
52.313600 153.772000
3.583200 59.475100
113.568100 131.510600
57.237900 71.971900
167.638100 13.291900
173.716300 82.421900
131.063900 48.126100
174.204000 108.914400
113.194100 190.787200
133.556900 161.497200
117.536400 36.168400
162.693100 15.842300
177.792700 135.359400
141.218200 139.061100
43.340100 24.986800
92.068000 95.653800
30.394000 95.651200
155.128900 143.962100
78.797000 12.366800
67.569300 46.435200
77.294000 92.920800
128.857100 8.357900
192.682100 154.696300
117.272400 105.876200
197.118700 102.464500
119.008600 114.655100
138.632900 81.701800
130.497500 168.060800
68.696400 71.715700
158.757200 112.036600
148.337700 50.825200
7.690400 178.731700
146.476400 14.454500
174.329100 25.273500
26.821400 93.533600
123.343900 104.115400
186.454400 103.836200
164.108500 30.771700
58.532500 133.016100
188.283100 55.651200
35.480600 107.291800
21.941600 25.748800
188.993600 152.439100
45.444800 109.325200
75.790000 4.202000
21.361800 75.763000
55.027200 29.052200
54.494700 53.138900
43.506800 80.459000
130.047600 121.963400
173.992600 105.026700
77.714000 12.082200
8.862900 41.822500
94.489100 67.395400
174.838700 82.772300
174.681800 61.954500
190.064100 196.623400
139.338500 30.692900
0.697700 184.783400
140.018100 76.487800
40.620600 161.380000
152.250800 95.647900
42.067400 58.380700
0.422000 137.209400
190.475000 182.104800
110.808000 16.102800
87.131500 40.157200
28.185100 95.994400
81.979800 174.309400
15.025000 108.453700
57.081700 41.342000
22.043400 98.781000
37.965500 161.382000
129.473900 90.298400
197.800600 121.127300
18.421400 38.421200
134.142500 22.307400
185.704300 176.209900
80.688200 186.126300
165.054600 122.798400
19.866300 75.862600
138.901200 158.633000
167.655100 18.721500
106.262600 101.270100
193.031000 121.287600
9.723800 50.112700
162.629700 83.402400
0.529000 52.230400
96.419600 181.638100
142.528800 94.220200
102.765400 12.585500
132.641500 36.907900
34.892900 118.345800
64.753100 167.216300
156.107400 29.807700
90.014700 175.973700
157.305500 28.916000
134.606800 124.960600
47.637500 92.504600
77.865900 40.668500
13.792300 139.224900
142.416500 28.057200
22.627400 194.580700
131.922800 119.047000
176.218800 126.086800
13.267300 78.984300
138.672300 145.908800
115.892200 173.565300
64.254600 180.645300
140.781600 71.997200
62.088200 30.796400
47.971000 71.029000
59.712400 34.213000
47.624800 158.985100
126.717600 125.490800
51.288900 192.145100
64.715700 45.340600
71.837500 87.343100
39.921300 3.760300
58.025400 16.140100
181.482400 71.292700
95.124400 120.154700
68.836700 62.651900
93.720000 184.726500
94.932400 86.136900
56.723800 157.020700
116.933300 156.330000
79.684900 28.280900
42.178200 127.309700
38.901200 20.531000
104.435700 90.190100
64.311400 169.151500
135.530700 136.148900
108.129800 175.452000
191.544500 17.790400
43.227400 173.026900
140.718300 138.351800
144.816800 9.555000
52.638900 90.172100
45.916800 147.571400
176.309000 154.275800
156.227300 144.877500
110.605800 35.912200
24.793600 4.419200
14.857100 115.330000
24.950200 119.292900
5.520200 89.261600
140.079600 192.686100
77.045800 99.844600
19.773400 120.225500
117.635100 63.000800
144.887600 58.353400
52.987800 89.704400
119.543700 105.626800
31.511700 165.460500
53.198200 59.455900
171.371500 9.425500
55.968600 133.612500
96.972900 80.762200
138.031700 111.830000
196.092300 162.981900
82.758100 53.247700
103.878800 22.837700
97.569000 32.559800
122.682400 117.342400
152.785300 91.952700
31.978400 97.672900
150.306100 84.966300
39.012500 121.485000
42.228300 122.159500
138.580700 95.426500
181.615400 109.952200
156.487200 37.584100
43.564700 53.460100
169.981500 181.596400
165.290100 17.709000
196.213600 48.048300
122.591900 151.727600
122.521200 20.161000
184.287400 45.203600
137.503400 188.707900
188.791500 169.481900
138.016000 139.097700
106.083400 28.663700
112.217900 148.311700
150.823200 50.798700
95.373400 184.073900
160.750900 51.860600
21.658000 55.950900
105.320700 43.274700
89.182500 122.246000
60.983800 137.031300
21.929500 183.575700
88.758900 144.450800
3.736700 124.681500
41.289600 192.875400
165.024600 30.081200
13.992500 154.675800
20.814100 120.075900
183.339600 133.032000
120.022800 185.798000
183.830700 15.396200
169.871900 196.216900
67.256800 43.165100
52.167800 24.212700
86.439900 192.985500
146.458700 147.423700
130.016900 168.388300
182.634600 18.775800
112.839100 186.371400
195.092600 5.763900
179.246800 160.117200
35.845100 44.874500
166.428300 56.659200
164.950400 149.767900
189.691300 84.973200
135.565900 25.157200
100.369400 157.073100
21.374100 19.261400
0.238200 125.177100
43.474100 86.678100
118.162700 41.568000
34.101800 48.179600
9.956300 16.736500
118.590600 174.430600
54.743100 113.683200
180.194600 85.625100
125.435700 16.039700
130.499600 91.864000
124.334200 147.085200
93.267100 114.025500
32.058400 80.468200
190.817900 184.063000
37.541300 12.192100
54.959600 37.779600
189.004400 98.433700
124.457700 107.167100
140.001700 10.194800
6.981900 1.593300
78.566500 125.572600
27.659100 184.944800
90.891000 7.853700
70.569900 67.961900
75.528700 52.704700
11.461100 199.862900
199.789900 156.363400
165.523600 83.483500
36.831700 156.341500
119.181700 74.373000
20.168800 174.141300
163.787800 60.808500
124.210200 88.245600
19.610800 115.847100
150.075600 26.592800
169.075600 80.277300
3.800600 196.734800
65.222100 146.326800
4.588500 187.427200
65.924000 131.752400
40.131900 77.385100
183.250500 91.557000
33.748600 148.774100
26.675700 122.215500
156.750900 145.857400
196.588500 28.554900
171.633900 160.376400
89.363400 147.479300
100.257200 160.609500
63.326400 101.968000
187.202300 32.402100
182.245300 42.638100
80.772100 47.467400
188.964900 136.995800
34.894600 106.524100
68.748300 126.661700
183.909300 51.998800
18.218700 69.293100
52.408200 44.894400
191.508600 60.794300
42.387000 39.732300
89.349200 14.020900
51.743900 30.347900
13.135400 152.001100
42.592600 76.461800
105.604300 29.794900
160.499100 87.849600
124.068200 92.906400
186.952200 164.668300
29.902300 73.482000
71.192500 98.650600
0.143700 106.737000
2.284600 69.997600
176.030100 54.692800
166.527200 19.173900
167.122300 8.914200
58.906200 108.106800
74.570300 110.650200
138.454700 87.705700
114.286500 181.047300
15.802800 19.890900
62.477400 27.937100
159.375700 38.180800
120.843600 146.328000
2.849100 2.381100
19.810000 74.041600
101.031700 71.589000
32.413800 154.951500
193.221800 8.443900
61.279600 159.749100
27.617800 28.401900
20.298500 138.159300
136.508700 146.504100
100.444700 126.598600
85.845000 14.731200
159.281100 153.283000
86.257300 21.758500
181.220200 45.633100
111.574500 153.699000
191.961100 114.423700
156.080100 63.406300
40.100500 108.747000
186.630500 72.514400
115.333700 179.852400
132.593500 176.613300
191.236700 11.846600
56.650500 63.170400
150.005900 193.159200
9.674500 50.450600
119.757900 95.519600
116.817000 130.674200
100.437800 3.074400
4.068000 81.658000
48.707500 115.642500
86.992200 92.303800
81.701400 94.707500
7.345300 121.802000
55.089700 193.975900
45.951600 170.423500
25.463500 178.545100
147.036800 16.700200
190.391700 3.687300
79.870600 192.032800
48.481800 89.545200
94.118600 19.874900
36.700000 10.935700
150.549100 137.137800
14.010100 154.617100
70.431100 62.717600
70.259700 9.058500
6.656600 3.596300
103.766100 14.001900
125.398300 158.855800
7.977800 171.349900
129.279300 33.441300
1.530300 127.951400
101.776700 43.557200
183.273900 181.647400
35.590100 31.755700
122.827800 129.708700
103.265800 11.163000
192.279600 53.815000
199.936000 6.289700
60.067300 122.002300
120.642500 181.962200
131.060900 127.299100
185.558600 86.462200
192.936300 110.956900
45.318000 52.549300
133.942100 26.232600
137.625900 187.107600
5.819200 39.402600
82.300000 189.093100
72.685200 117.890100
72.484100 47.148200
99.234100 175.749900
58.311200 143.148900
29.564900 109.882500
149.438700 141.267500
31.884800 70.081200
123.229700 14.580900
49.015600 108.788300
101.043100 41.951900
71.380500 197.996400
146.136400 56.957800
75.864200 83.762300
95.700600 81.683400
123.165000 178.000600
70.776500 47.485400
147.526000 143.260600
94.633700 98.395300
170.645800 4.580100
41.544200 51.845900
114.462600 42.618100
193.113400 197.982700
164.334600 167.978400
12.563600 13.350200
128.401900 165.242000
106.937300 51.417600
163.238400 53.073700
160.010600 39.102600
188.471300 55.711200
120.786000 111.636300
85.347100 43.197700
159.121700 32.873100
38.093600 105.390600
182.903600 60.374600
109.970800 24.447800
112.220500 24.433400
118.701200 156.969200
74.051300 83.035800
124.947600 86.615000
96.386000 53.349500
103.492200 54.958500
104.767200 66.730600
159.667400 64.777800
157.468400 148.138700
172.124300 129.889600
111.410200 109.106600
24.722500 122.167200
141.979700 114.451300
27.557800 176.518500
174.825900 137.528600
52.601500 87.046500
13.597300 171.302700
44.015700 87.648600
54.338500 168.963300
25.898800 2.359700
73.948000 129.391000
57.318200 30.350400
47.756800 68.620900
146.763500 56.860400
16.759600 118.887800
38.385200 179.805100
27.994400 63.107800
101.972300 21.609300
177.559100 129.530100
49.763000 152.385100
118.694000 102.364500
91.066800 183.926500
73.667300 135.082500
123.210300 128.005800
155.681000 149.109200
182.000800 81.264200
130.135400 39.319000
111.614700 29.527500
159.575100 58.378200
138.023100 27.970000
28.901200 176.408400
7.775100 108.530800
39.516200 109.747400
181.775300 68.710500
90.912700 31.538300
72.730800 61.241900
133.902800 163.797600
45.168400 7.570100
150.515300 168.378800
187.211200 157.831500
169.123200 169.212000
39.095800 150.893800
60.166200 150.710500
32.056500 19.741400
60.723900 170.079700
99.346600 89.625100
146.488100 107.121700
49.791100 37.639500
68.504300 31.566400
157.985200 11.052200
63.104700 30.716100
72.294200 197.007500
46.148900 169.097800
56.212900 48.299500
189.111800 43.424100
6.131000 158.235000
64.271300 96.862000
109.128900 176.072700
99.207700 192.820600
47.449300 159.931600
162.900300 146.795900
101.191900 161.023600
105.552800 150.983000
198.663100 174.057100
182.549400 8.283600
36.744600 97.289300
90.634900 160.674000
94.296900 136.783800
129.771800 2.145000
36.718500 118.883700
97.204300 42.849600
128.753900 161.475600
191.346800 89.518000
137.548300 90.554600
82.338700 184.997700
50.486200 45.239000
183.428800 3.313400
6.262700 88.981700
154.296400 56.561000
114.674000 188.481100
64.844600 151.418600
85.770400 155.479500
112.092600 31.702500
143.898600 93.499700
33.847500 180.617100
12.383400 131.051800
75.101900 192.772500
144.162600 66.448800
82.290600 133.346200
157.003400 164.629300
169.979100 59.124800
61.503500 153.407900
62.438200 119.401400
94.024800 68.369900
175.962500 8.698900
108.486200 92.442300
11.752700 194.256600
99.557100 123.845400
25.959200 95.090900
17.345100 111.441900
127.343200 81.363700
94.129000 2.445200
74.136200 38.291600
120.529200 8.062000
23.273000 129.167800
172.691300 193.252100
188.292600 34.194900
198.295300 102.366100
5.231500 92.320100
22.371200 181.194000
101.019000 130.857400
125.271600 112.771800
176.749200 76.463900
88.252400 54.343600
23.190000 157.232700
165.785600 150.533200
90.231600 111.549800
152.978400 16.003000
149.841400 73.507600
24.065100 173.114500
2.675400 48.391600
18.001800 42.603300
82.586500 16.297100
196.604600 139.453300
108.617300 18.975800
172.282500 61.271500
1.468400 97.554100
25.678500 178.217600
25.653200 113.930900
32.561300 48.843200
122.798800 49.982100
199.376500 13.030400
161.531900 3.990100
29.033500 163.008500
77.497800 104.733800
187.758200 131.808400
153.125400 5.760100
26.046900 87.347200
73.692400 22.651500
26.800500 33.944900
93.262500 199.083000
95.216500 94.730900
148.272400 172.530200
124.583800 173.925600
138.096400 8.780300
74.404100 60.895200
58.762400 73.780600
125.560900 71.929500
77.770700 6.229600
34.938000 6.903700
110.963400 22.696300
190.347400 64.088800
80.091600 16.394300
151.436000 153.784000
90.681100 178.236500
187.729000 35.578800
28.954800 134.580700
130.309800 177.227200
158.746100 106.528800
151.152800 96.842500
115.309100 25.556900
157.737800 25.706700
150.972700 134.933900
97.636200 80.378700
141.163500 184.209400
87.282400 52.126900
6.905700 129.265000
167.850900 138.632500
197.294600 119.287000
144.051800 87.975700
149.158700 131.780800
123.554500 178.113500
117.996700 105.499500
6.975900 76.742800
12.028300 158.128800
25.220600 178.972600
35.320900 34.593600
4.679300 37.928900
169.527500 153.950700
118.307600 110.691000
138.160200 57.225200
14.453100 196.701100
186.490300 182.304000
135.333700 183.784900
101.591000 79.385500
123.395800 102.385000
62.801500 46.950300
132.133700 32.433400
4.085100 139.109700
160.811400 16.113400
97.238500 186.032000
46.721300 184.194600
20.625600 51.400600
22.123500 190.153100
56.986600 192.066300
152.479300 195.146800
49.291600 166.932400
191.847900 35.781900
149.236500 127.181600
19.566800 102.462700
58.202300 142.962600
56.482900 121.003800
41.548100 188.616700
153.437200 45.633200
127.726400 114.248700
113.381900 76.600100
100.280700 160.103200
60.794700 172.541600
63.139000 134.553500
14.329900 120.125600
126.619800 18.444500
166.907600 175.911400
185.376900 158.755600
63.328500 186.248600
137.572400 134.530500
140.346600 195.774800
129.128300 196.829500
116.778600 170.676500
185.446200 121.851100
67.944900 113.172600
36.099800 32.962000
41.407900 188.015700
193.065200 153.837900
12.192500 107.839500
88.391400 26.522500
79.600300 66.646400
44.967000 46.508000
94.193100 81.979100
5.263600 9.156800
119.863000 142.836000
143.687400 60.209600
190.246000 72.815700
108.674300 107.024700
95.127400 94.120600
80.511000 14.707600
58.928400 168.246000
47.669600 151.971600
156.261700 92.370100
105.809500 20.089500
51.844800 45.836100
98.247200 131.445100
112.482500 194.849400
177.953100 58.310800
128.463700 34.851900
67.467700 48.326700
29.323200 62.790300
160.171500 19.569200
187.241200 68.845900
178.229100 82.368700
14.601700 58.740100
148.711500 125.165300
26.986100 196.381100
77.136900 34.883100
140.386400 182.946400
106.607800 192.231200
28.782500 4.855000
123.676400 192.900300
199.704400 153.264700
102.846300 128.168100
39.751900 21.949200
28.130100 69.075100
84.739500 188.301600
140.279500 71.980800
108.782700 118.508700
5.984700 123.384400
28.884000 154.696200
100.185000 55.870200
2.712500 177.321900
142.388500 194.734200
11.903600 48.996300
186.965400 40.686100
105.486500 162.277000
85.221600 105.190900
167.177000 39.703200
84.994200 6.928900
61.652400 113.124300
127.639200 146.392000
153.061200 67.918700
70.008000 61.843900
186.427400 75.992700
36.863600 66.946700
82.324100 137.048600
122.816900 136.671800
114.370500 116.840600
183.041200 126.274100
17.472100 21.641900
18.595500 122.958600
183.918900 155.452300
28.149500 2.731100
195.155500 164.778900
61.295200 108.443200
129.538500 188.934400
106.470400 82.599700
108.488400 176.478400
196.078800 94.915800
104.106300 32.942400
13.497700 38.065600
169.991000 136.314600
26.372600 135.996800
104.790400 9.413900
113.906100 122.262500
31.055800 184.136800
45.221100 66.609900
139.589200 125.005800
69.341100 186.379900
141.420000 130.636300
94.823100 70.958500
171.206000 52.928700
153.558200 79.694400
29.407100 149.637000
26.245400 185.148600
34.214700 39.743200
23.214200 55.840900
27.693000 49.586900
191.837700 184.118700
110.636000 157.379100
106.381200 141.691800
141.515900 3.237600
8.301700 132.740300
179.878600 129.278000
170.755500 121.298600
111.549600 65.578600
43.892300 82.755600
170.142600 49.085700
14.085200 199.549700
50.358000 40.330600
184.698400 84.572700
131.709000 59.547800
140.413600 159.402100
160.769900 183.886600
143.520800 71.405900
141.265700 101.537200
13.097700 82.781600
104.774800 73.034700
15.522000 136.288700
2.312700 186.277500
109.222500 165.497500
103.491300 153.114900
48.253100 73.633900
2.200600 62.338300
124.818900 52.558600
154.304200 161.152500
137.131300 86.013200
20.700300 129.180200
97.050500 33.105500
113.066800 92.206500
104.511400 54.332500
193.743800 169.244400
137.114100 150.153800
42.279100 4.271300
86.442500 96.227000
42.184000 47.300300
61.724600 197.310600
0.415200 161.612900
70.944500 54.251000
75.586500 47.398600
106.809700 29.890700
8.551100 95.576200
167.539100 80.886700
24.756400 116.224900
113.992200 189.458400
8.431400 70.138800
43.790900 2.175200
39.383200 32.540300
3.964300 81.662300
36.811600 142.042000
29.524600 130.630900
189.342300 91.249200
127.941500 189.757500
52.862100 50.521200
44.008600 128.448600
97.919900 2.453500
9.974500 158.106200
98.029700 29.148900
90.628100 174.421400
145.373800 56.255500
163.879800 153.805200
126.394400 59.306000
7.615700 165.777600
91.846300 11.580000
99.075200 180.293100
153.622000 128.599800
110.924000 142.964400
19.849000 90.500700
184.357100 124.346300
141.022000 80.000900
104.430200 90.577100
82.454400 114.404700
100.318500 32.119400
143.553600 190.946700
58.176000 88.927400
47.202200 73.691000
94.367900 173.596600
132.997000 101.983600
191.009500 76.478500
113.563600 90.084700
56.771700 118.820800
18.684500 19.330900
61.785200 38.533500
109.831700 97.777600
14.515000 102.488900
177.778500 118.945200
193.066000 111.868200
33.350000 93.384500
195.622800 28.538800
135.966400 53.798800
169.101500 34.803900
179.125000 63.469400
8.400500 112.122100
17.088200 51.045200
40.235800 182.287000
141.129900 97.007500
101.107800 159.814400
116.338500 14.528300
49.983100 77.805400
163.941100 64.498200
180.294300 141.719600
35.078600 24.995500
105.223000 120.063800
170.015200 100.845800
148.602700 105.981700
6.279800 169.339400
140.785600 37.040100
32.808800 0.821300
149.162200 101.532200
51.866600 189.398000
83.819200 44.631700
138.040800 36.562200
4.446200 106.014500
51.090500 106.064500
35.455100 15.031600
22.197900 15.749400
8.386500 57.276600
92.380100 165.244700
177.340400 62.395300
117.725800 177.578300
168.377000 124.005600
146.917700 160.797800
12.680900 31.361700
13.254400 161.843100
132.893900 116.756200
2.876400 68.348300
161.387900 192.552400
104.910600 17.469300
150.202100 7.636300
175.169100 185.657200
22.668000 197.367000
1.406600 82.689700
106.278800 93.786700
47.934400 135.254500
7.817200 165.660200
112.832800 176.194300
141.301100 111.385800
188.627300 153.982000
142.747500 53.516900
167.460400 127.276700
170.273100 21.972000
195.625000 183.296300
66.159600 100.535600
52.400800 16.361700
108.172000 27.569900
2.018900 182.475200
76.572200 3.425500
116.800100 34.486200
148.847400 164.734500
21.375900 156.664600
182.030000 134.208800
184.494100 174.966300
97.229800 24.756700
128.948300 39.977300
78.273600 148.043900
18.889200 100.182000
170.015900 14.514300
135.113500 87.810700
166.685100 187.514300
104.172400 74.857100
66.719500 106.191300
108.967500 194.926900
161.252000 25.767600
81.048300 110.099400
190.502200 102.424300
118.399300 24.167400
88.268300 154.528600
199.133700 185.498100
179.285300 179.717200
77.110600 109.194200
127.761200 95.999900
9.376200 149.412300
110.514200 144.489700
37.223100 77.199300
183.639200 141.395500
3.691700 50.358700
47.586900 112.659200
96.920800 8.838900
138.426900 177.969200
170.573600 180.564300
80.393500 140.608100
56.366900 168.661800
95.136700 55.500600
154.159900 126.057300
35.217800 82.905700
35.251500 14.614200
178.905600 96.262900
164.026600 89.419800
40.752600 52.884900
18.254400 76.027000
194.280400 21.946100
126.385800 93.502500
186.240500 74.941800
153.976700 176.302600
52.911000 176.185500
156.866900 133.304500
168.428800 64.869000
153.601500 63.565500
120.369600 159.396600
41.258000 7.222700
42.302400 128.144700
21.836900 72.843200
24.407600 37.498700
162.263100 116.795400
90.383600 32.152700
192.822500 136.299300
105.734000 170.843500
29.801800 91.974500
45.785300 35.413700
68.277200 150.331600
11.599200 76.779300
135.271300 180.028000
141.648400 88.872900
95.228800 113.653200
99.904700 136.486800
120.875900 142.207100
64.631600 194.348100
15.050400 140.674400
31.846800 28.948700
57.469900 122.230500
112.736600 50.292400
58.529800 18.470600
72.771100 88.331600
162.080300 118.556400
175.380600 81.992700
120.523200 186.979800
10.407300 55.794600
18.643100 3.690900
144.667500 165.507100
117.344100 44.572200
153.629100 89.855300
38.414600 69.895900
84.203400 105.100200
10.570400 116.050200
185.684100 119.675500
38.280700 98.420700
169.967900 148.445700
168.526500 94.374200
88.412600 130.606800
64.565800 63.793200
64.234800 185.089100
152.849600 153.186900
143.738800 100.816500
85.588700 99.288600
82.504600 49.614100
